198
162
163
169
242
15
92
191
185
41
251
242
108
253
182
46
248
230
212
84
117
98
230
15
183
211
96
135
168
79
237
48
63
62
244
33
14
24
248
195
107
133
243
30
45
215
250
94
192
111
185
41
54
210
179
94
44
58
227
138
97
13
181
124
210
166
188
127
209
221
251
201
227
140
118
13
46
46
92
236
57
132
104
17
20
245
246
162
82
232
155
184
132
131
61
199
54
236
46
4
161
21
253
239
245
132
7
157
19
215
221
179
58
167
184
89
238
81
85
18
13
236
219
185
167
196
33
162
166
55
205
241
196
183
38
137
245
45
10
162
57
159
126
64
167
225
13
145
146
162
176
93
14
83
69
39
76
231
203
98
76
21
150
129
108
181
152
222
179
117
234
154
191
53
220
144
233
231
126
130
74
204
207
196
150
1
35
154
92
161
34
208
0
62
58
167
169
192
182
26
169
233
88
145
225
95
60
150
230
188
186
251
7
156
199
226
239
26
110
136
123
109
157
241
238
216
101
132
189
164
93
242
141
62
245
9
61
52
243
209
174
174
131
179
100
37
138
230
196
50
8
100
106
213
9
78
234
30
97
84
145
27
125
30
17
185
219
231
38
62
158
64
197
227
56
49
64
149
231
208
192
217
108
160
220
216
213
154
120
172
80
194
253
84
12
0
166
15
87
6
20
87
152
243
243
167
220
251
45
178
170
160
88
95
186
255
154
191
124
14
254
121
46
156
185
82
66
157
119
232
224
189
240
225
175
12
202
240
157
207
253
118
56
164
176
141
92
1
137
95
50
218
141
107
174
28
165
203
133
108
183
132
5
206
97
52
213
14
40
157
138
70
164
173
120
242
4
62
63
88
88
254
185
155
215
127
49
159
85
219
253
111
10
24
233
28
97
55
135
133
212
186
91
196
207
188
25
70
55
63
139
214
224
218
100
181
42
133
33
200
6
20
215
4
10
53
47
21
44
176
173
250
84
227
33
7
102
180
26
49
187
24
54
200
46
229
96
190
36
253
0
85
129
71
60
194
148
227
223
104
198
81
125
20
233
173
18
46
51
8
34
66
200
71
241
118
0
189
140
39
28
242
124
196
7
10
26
10
6
224
1
27
178
158
244
100
145
232
59
238
102
140
174
40
213
185
191
173
30
130
66
97
219
48
88
33
173
146
70
67
1
18
199
163
27
18
75
251
105
60
231
95
249
24
141
54
159
65
147
229
220
133
237
71
124
23
90
191
114
228
250
121
241
136
85
13
18
231
8
35
30
166
241
171
184
8
42
193
134
116
138
69
189
191
202
222
94
22
190
56
25
133
178
21
163
76
162
206
254
96
80
23
136
187
204
199
236
247
235
216