20
216
173
185
212
226
101
98
45
74
164
14
22
187
225
236
229
148
40
64
12
55
130
244
22
234
98
235
102
28
181
26
157
156
39
208
5
252
217
72
41
210
45
91
55
119
153
133
217
219
183
7
110
178
4
58
53
21
47
171
242
106
105
16
37
172
211
155
225
54
12
77
79
165
67
145
3
160
177
113
200
12
83
111
32
63
104
102
35
218
20
113
83
199
122
60
181
198
203
92
123
160
74
210
161
106
13
103
213
66
85
185
57
137
24
203
135
94
210
24
154
26
179
238
177
177
12
54
251
161
11
55
238
185
50
33
129
192
195
198
20
80
39
4
216
160
50
53
138
161
90
156
19
96
100
202
74
66
87
212
166
2
80
108
41
1
254
35
238
136
159
35
117
57
107
220
234
87
67
229
39
144
100
15
248
32
20
181
75
205
0
249
8
100
128
8
131
111
214
247
85
33
79
252
70
38
131
109
56
172
135
116
164
132
52
241
216
224
236
254
211
209
159
37
175
60
216
139
73
110
151
56
53
11
174
220
232
220
66
25
131
7
92
196
128
184
202
182
178
112
91
66
36
68
146
40
20
232
227
180
92
201
250
163
137
168
214
174
14
122
227
192
188
151
133
219
111
37
227
199
237
81
76
114
33
239
227
234
90
83
218
35
89
144
138
69
4
162
193
77
55
197
198
207
44
70
190
76
206
64
247
160
125
131
214
7
160
63
144
235
156
162
2
225
146
97
156
32
249
122
210
81
169
177
141
5
178
177
5
224
77
206
124
76
39
187
108
105
97
237
2
158
161
112
132
3
35
166
243
221
19
238
195
220
89
118
183
29
163
213
182
45
94
2
200
114
84
86
114
42
81
82
178
231
127
100
220
32
110
38
178
12
93
24
74
6
32
206
164
147
199
77
127
242
208
153
224
154
202
212
166
100
250
213
140
118
27
121
189
137
134
243
105
73
22
51
234
205
159
50
180
245
2
81
237
66
232
52
143
53
7
238
122
189
48
147
51
8
215
124
210
114
109
5
15
187
238
158
84
83
89
107
246
30
216
117
75
230
84
46
162
206
30
202
223
35
179
4
23
163
78
197
30
214
59
213
36
208
183
156
155
160
234
18
81
37
247
20
249
238
149
64
40
223
115
41
186
57
206
192
190
126
82
112
229
78
56
78
189
93
190
131
200
10
154
222
84
252
87
3
98
81
157
34
41
206
6
67
32
192
93
122
75
25
20
93
42
25
28
72
111
191
220
37
221
123
213
151
122
231
63
165
2
9
202
54
56
6
96
23
44
216
242
2
30
125
216
220
96
123
168
36
179
168
16
193
37
154
195
178
141
179
169
76
77
158
168
223
129
164
253
186
55
148
46
185
59
8
0
32
100
19
63
80
157
250
28
214
85
220
172
236
221
20
126
20
46
47
80
148
16
191
233
223
9
107
10
177
254
213
61
30
58
172
148
60
74
125
30
227
50
161
202
15
172
126
219
162
232
220
24
94
25
170
218
117
23
65
217
217
177
147
132
116
230
201
27
44
94
58
39
5
82
129
54
80
107
230
253
238
251
111
138
87
131
248
153
26
139
89
57
186
107
20
231
207
115
205
10
102
247
196
241
18
63
206
236
127
113
202
136
143
68
13
124
160
127
134
199
176
235
129
48
136
31
169
140
216
66
241
156
87
135
211
193
254
57
228
30
64
125
200
106
160
214
227
28
102
221
126
216
136
52
184
195
48
70
109
11
216
56
30
252
182
7
239
6
253
204
51
197
254
126
1
31
40
242
129
26
252
241
178
30
117
57
87
26
61
192
40
172
59
118
182
207
151
116
190
37
34
63
119
205
43
110
82
221
245
250
36
8
238
194
196
30
253
154
201
162
113
191
178
19
203
156
82
142
42
8
255
197
140
160
165
117
73
251
143
208
144
9
144
14
192
101
157
136
1
143
82
193
251
213
100
210
3
180
94
77
122
127
29
187
136
58
31
240
4
10
197
62
212
1
48
127
118
121
195
109
252
120
198
46
132
237
50
167
150
126
178