67
26
179
248
152
114
228
10
177
221
44
77
75
45
122
100
229
7
204
148
67
83
219
163
227
42
169
140
246
126
132
255
12
80
218
3
9
21
186
185
128
214
253
194
48
156
73
133
138
146
65
10
166
29
241
11
145
226
242
99
146
6
35
22
195
9
133
170
202
66
153
3
77
118
77
157
102
60
24
192
211
202
129
255
45
191
156
20
55
106
55
7
51
70
101
201
224
60
126
68
225
7
53
76
229
249
10
41
129
209
78
57
123
64
55
191
67
118
127
93
167
142
61
59
160
108
44
240
17
99
0
51
46
15
188
41
2
153
163
53
203
8
13
44
195
69
74
214
135
78
139
148
156
183
193
43
199
172
83
37
166
75
202
101
227
241
150
154
169
118
153
197
216
160
46
166
110
40
31
231
163
97
68
122
6
214
246
108
46
59
9
187
4
95
248
78
10
67
213
125
200
64
192
177
190
59
33
209
237
93
78
137
192
45
34
57
33
50
164
187
163
64
120
80
34
128
47
29
98
50
197
117
27
35
235
210
163
136
15
216
236
189
162
234
22
212
104
136
156
233
236
137
226
62
127
12
238
132
33
58
166
206
169
190
208
130
165
76
184
111
125
21
236
92
187
46
252
87
228
20
171
1
46
64
193
204
100
217
174
206
59
255
139
72
210
112
2
2
137
210
107
98
104
216
108
254
1
158
18
236
161
136
53
92
58
12
31
223
232
134
112
60
182
47
40
102
154
107
122
53
125
13
120
16
158
222
17
20
231
57
201
98
184
17
222
95
61
138
14
212
71
202
83
143
172
133
140
71
8
79
39
8
147
139
194
23
46
37
59
42
130
230
225
176
209
49
72
121
221
134
0
47
131
43
238
239
247
48
62
35
7
83
189
97
147
130
158
14
118
142
254
27
252
168
216
217
69
74
224
142
44
198
89
228
251
9
162
227
63
241
197
144
221
187
92
52
200
218
193
31
121
136
235
197
66
182
238
97
218
249
38
132
196
73
187
255
133
26
88
14
54
60
156
204
121
56
206
181
77
95
184
115
163
119
207
105
36
148
193
154
20
7
254
135
28
137
52
74
237
103
151
65
130
63
142
113
77
33
75
91
3
187
138
94
193
135
193
166
48
44
172
30
45
165
140
152
192
56
217
92
5
31