12039
44380
36505
17247
50305
65098
9093
48440
7325
58212
29841
63513
64929
34209
19360
40701
50265
17960
41503
5585
38414
8095
63892
18876
10201
61372
21621
19183
59366
25090
34693
22419
53907
9421
56752
32769
47266
53690
36594
44357
16967
7519
17784
65014
27919
45015
20263
3515
15820
29756
61900
56218
21310
11527
40861
15249
33864
15048
17620
10135
24594
39239
51010
36824
14365
55277
12339
38022
15617
35890
11322
8974
5064
12265
27051
32234
29072
44793
62210
58423
52912
2308
57510
15709
51929
60555
65363
26005
22581
48608
32385
27881
44314
44777
58967
33181
10715
19925
49785
32589
12034
18158
16800
60094
3433
1
12237
19754
36527
40006
63001
38650
43447
44890
51086
61687
63993
28691
61448
11551
54580
19600
11665
46624
34690
47350
55943
40925
65249
3633
28308
16790
65282
31024
26190
42107
45597
58289
34389
29306
32499
22092
59924
59764
13041
8726
30926
2924
26736
16529
26441
36360
51891
37025
59204
33427
38643
53144
5679
29179
26866
15076
59907
38773
16629
9160
54554
11949
59870
37451
55491
7828
58532
20452
46467
9557
25561
40899
3340
38702
8988
37414
2796
4803
42548
65391
14131
560
62740
2570
34294
56340
1596
1775
51942
38706
751
13810
56594
56784
8402
22201
18073
37818
36377
38511
34892
8304
12903
44172
35925
44903
60919
54301
4707
51435
20652
39076
9341
28543
51291
43259
49847
11943
20820
15721
46684
62408
63115
13550
44301
61264
24854
10144
19599
63120
7808
342
8760
25961
48501
27204
9008
11080
32086
8772
55858
26394
30949
33884
48671
13423
18175
58377
22235
57572
56825
30793
31958
29879
36934
26538
41479
58920
64385
55271
18529
18844
62391
11533
60320
18503
59228
22271
54271
36817
41598
18660
13360
38395
42226
32355
9847
10783
4540
64973
480
26449
23214
55226
19526
37085
58042
45990
8002
10174
56380
2568
21554
35500
46768
54909
2500
62572
18758
7780
4380
2051
58545
35514
10972
57797
30422
7884
29129
14662
29652
51009
12826
4408
53604
60555
47101
4119
6432
32530
48828
60179
42787
5351
54816
43367
36197
57985
50532
49712
27969
20631
46743
26132
51197
23509
3341
48410
61643
31955
16899
56631
18679
4586
50681
11650
61342
48688
53136
38718
50556
4544
32920
1075
33529
33858
13341
33671
9529
5410
55471
6521
13708
63152
5720
57244
33389
27525
63768
31974
64214
32944
5410
53051
63349
10900
32522
48814
56759
30556
5445
23138
19323
12231
59243
44024
14127
43059
61732
35176
30837
32035
44211
45689
55780
13262
21493
31049
19483
12726
62897
41467
56879
64302
27777
65411
35666
13172
43152
39937
47862
35083
44220
18014
428
55869
14169
14426
41015
14686
54511
43746
47404
5367
13431
64868
37503
2934
16442
60072
27119
54123
12838
44325
39577
19483
1821
33718
32040
21086
40806
222
25076
52664
24617
3362
54477
54246
87
52214
36858
49882
51006
20581
57761
65302
31912
21827
40904
39211
56104
11185
21468
460
41177
32366
45767
35011
63846
1130
26264
23451
19048
52861
34021
8209
24390
27434
25923
62988
16103
46394
12354
32708
37591
11407
8182
29042
51477
50873
41340
32411
3701
41151
11591
43466
39183
47541
14320
62053
47927
39151
2658
26217
58703
8666
49906
9762
47240
53391
55007
23141
15845
42750
51988
24439
6347
46301
2542
26633
45038
48202
44274
30452
12210
36345
59087
10180
984
61538
19693
11430
21239
47164
64717
27793
11284
29900
53071
46673
35275
43871
13668
61624
6363
1786
61190
52763
14637
61945
41181
19487
64253
6767
2161
13099
21112
23858
21434
5831
40402
15866
4804
53763
6900
52429
45354
4599
60841
61769
48312
54350
3891
50159
50160
35907
11785
58760
37385
38663
4571
44864
65005
32681
62244
36256
1488
46157
37574
26447
11706
59230
39162
6751
35726
8466
50490
31298
35219
60561
5403
33746
27672
16994
5756
1401
6437
28245
38331
25649
37544
35103
52221
18670
49656
21392
22942
14554
24178
29725
14996
29095
20872
34877
61330
50177
42687
35644
62285
53942
42610
27584
11147
2238
44670
6573
20856
17223
23610
45616
10877
30703
26685
40615
42617
57774
24920
30547
32720
37365
27913
13944
15535
34662
46364
43435
7136
3157
2935
28293
37998
13057
5945
4525
58287
29250
39058
58669
62597
17924
57959
29484
61661
60724
28695
52263
8217
24370
59197
63110
57758
54894
27471
15879
46578
54130
35848
14795
33551
45920
40964
27315
59140
25517
40039
25765
47586
52925
53033
58841
47377
55198
64178
51749
51855
38701
35344
27264
14532
40348
15294
62309
61281
3298
8022
51522
60685
11993
57285
51955
6905
64934
49370
21267
54400
59335
45770
58391
36941
9469
33519
43635
14302
44609
3783
32635
14164
43830
7030
29412
15858
107
37628
28057
5758
54281
64419
27938
9688
11044
34074
62631
38878
31769
50736
6455
3916
50758
18296
40952
33754
17567
29832
56414
6824
35777
14172
23984
48849
17760
36827
44568
6072
7723
57543
4981
39018
26671
34963
57140
32359
27989
56604
28640
56341
29437
4925
39953
50583
63792
12329
58622
3395
59641
47850
4179
59656
58027
46570
11467
45142
1917
41306
11118
62615
41763
65348
41897
22802
16140
32899
26625
63580
30803
18129
57905
26126
23356
43345
28661
23249
7417
10129
64114
54666
29592
4497
30996
18339
769
16639
45561
59097
64124
39381
46850
46663
19296
1024
52577
8784
35028
7984
60707
49208
31213
49473
16099
32508
8040
43405
12523
40382
22182
44074
14419
52330
29079
13355
58060
13315
46790
59257
21414
8974
29688
65082
60705
44451
51089
29653
22217
27477
22691
7987
30894
52025
51485
420
28923
35740
54309
11637
62773
27397
6333
18739
30932
5331
17388
20048
64912
17524
5789
26646
249
10256
56701
23998
57730
16288
60561
13095
32531
31813
5643
35701
15271
32628
36461
9576
28687
16668
51061
40162
16111
42237
10035
38004
54777
11279
14458
2306
43555
29423
53537
31132
62283
12300
3664
63456
62881
59280
2258
47879
32542
43707
59033
16395
26920
18648
59870
13460
30261
27843
17836
58239
36406
50642
37815
201
33518
61052
38675
42906
25151
45801
24824
63997
25775
50900
58777
22047
59864
45434
16070
20403
18573
27519
51482
38441
59617
25091
55360
46123
42336
46188
52459
18063
2853
4930
54090
42697
11732
44954
54617
20076
62587
25112
46338
18138
50408
32263
11691
11153
63444
9007
7328
31978
46795
18785
46654
3338
25408
2365
2517
31948
668
14798
26559
9639
2532
41283
18433
39788
65267
34803
15331
50039
27296
24625
16973
6524
62538
744
43583
34471
8134
34136
24454
18174
4203
48585
20967
54638
17232
53337
43787
5955
8703
20739
40423
24087
61368
41978
29554
4845
7222
23535
37936
8511
44489
25665
37299
56761
53387
39979
59117
57077
13492
41870
55709
19468
3996
63201
14074
64804
23902
37567
6607
55984
18315
9363
54652
12303
14751
61028
7592
59721
7858
51780
54659
47756
36090
4919
64964
62693
24248
20620
6316
19696
17189
36190
17419
18413
25380
46086
15856
41115
15967
4704
17305
34215
32097
33289
24716
57788
28285
13945
3450
12621
35368
11621
4484
25562
14883
52500
52217
35199
53375
4555
13739
50832
868
28613
4197
30070
2346
33846
37823
24264
63467
3176
61618
23911
1378
11710
38281
3446
3594
54196
6673
27185
42706
36725
49061
32966
29003
54476
32752
33998
45469
8780
61046
32375
13556
51562
27724
14600
54849
8009
51267
8105
42792
8059
40283
49013
9530
47310
65215
36094
35978
52676
45376
26053
64087
31503
17414
32658
45103
33022
24522
60923
27369
19551
40281
19136
38339
56120
27972
61310
20345
44609
24983
56831
64215
20594
31622
64053
49672
62383
16882
58889
11590
57832
56216
60386
13072
29600
39122
50320
64316
8130
20004
65114
25294
15539
46117
64890
25738
28381
61304
44868
14695
34827
423
40986
48806
25684
5102
6617
13616
5517
35843
31522
591
29410
11019
24049
14202
19118
35273
34417
17533
56687
62042
41132
862
18012
23061
39976
3951
56656
19423
22181
43476
3281
12430
35777
45340
48106
48179
11674
36487
17786
48418
6785
62062
19579
19181
17767
17518
17776
10925
44731
15969
40619
43027
33155
14915
7604
35011
61273
38142
46535
23982
19409
46742
4617
24534
46316
11238
33256
19308
62982
33893
29410
32824
16104
48342
62482
6336
46553
16965
9351
16209
56008
802
33095
49481
43252
37893
44992
30956
54302
7996
64561
48562
63996
7307
7031
15417
54908
47140
20207
2846
32764
35752
55360
58648
33303
21211
52527
35862
37563
59132
17241
38739
34366
50664
29312
40614
20606
651
49786
63903
7132
15484
25012
61332
31709
42383
27591
50037
59949
16641
35486
38506
58884
52793
48612
27235
47506
60898
7386
26018
3623
36539
43568
41135
42795
62344
26011
45759
57523
58841
8264
50673
8603
62850
62687
43610
7380
60150
31301
27993
50549
26938
63943
22596
62020
33552
55224
6893
64335
42009
22611
21196
23425
52523
49168
56858
29943
15691
53339
24429
27999
1715
20546
32473
6081
65379
65187
21393
45984
52347
58310
48018
48508
2994
52459
7815
19183
39185
50232
55281
16160
11994
41610
55729
35433
16404
4172
26567
24109
3791
13800
34961
1566
15653
16270
48371
3227
47225
3824
43666
44950
39560
57592
46143
694
16549
32011
59905
53042
23512
44737
37551
30933
30089
44913
9954
55186
31001
51439
21788
11094
2337
1470
15872
52376
45403
12430
22130
14293
11984
42233
33474
23841
2817
64111
54383
34637
46215
39530
52328
54432
51155
26069
48916
52881
29108
53823
56999
24704
24953
59900
33941
52571
53326
34920
7825
19881
45947
14155
47425