1
166
152
50
154
26
62
11
122
61
223
18
52
141
78
188
186
212
25
151
133
192
131
84
244
74
225
68
172
243
108
72
58
10
138
78
133
14
82
180
121
40
177
117
86
179
198
248
222
165
0
81
139
183
71
38
177
19
191
214
162
77
134
9
196
122
243
135
231
109
193
6
187
115
105
182
182
51
39
79
124
74
119
64
150
105
252
75
28
238
5
236
167
47
122
57
65
173
75
166
39
128
70
249
113
68
199
246
231
172
68
45
106
1
133
181
116
167
91
26
36
113
185
239
94
124
72
72
158
175
148
32
145
89
0
84
214
206
183
97
110
70
77
240
91
201
243
51
62
220
106
244
100
75
119
137
94
141
241
194
184
0
120
98
188
251
196
105
94
14
236
89
82
224
143
175
189
168
40
240
65
191
248
138
44
169
80
168
128
44
62
222
193
217
45
54
147
77
75
151
15
22
239
58
9
156
152
1
95
252
56
180
101
84
211
240
227
10
150
241
246
94
60
39
83
248
180
16
41
136
175
76
237
19
117
59
16
54
49
130
110
24
176
202
27
251
61
223
65
160
150
115
206
54
120
233
222
3
95
0
149
66
56
178
15
118
251
45
52
58
49
145
182
19
101
253
170
66
138
109
151
59
249
244
122
99
228
68
128
187
22
232
197
249
183
86
179
25
163
235
172
173
177
241
203
180
78
197
161
50
117
82
167
127
229
41
101
232
180
87
93
179
113
183
152
44
88
218
21
47
112
231
241
174
68
101
225
37
64
110
31
206
107
244
140
197
122
185
83
18
154
209
190
81
236
188
154
210
161
33
185
124
169
113
187
220
8
198
147
192
239
3
119
17
36
90
204
213
22
176
214
30
21
204
212
72
209
63
18
170
95
194
17
44
240
230
39
204
13
32
45
124
174
186
90
126
17
11
157
54
6
46
177
1
7
90
153
169
52
41
132
43
175
246
160
10
172
229
174
244
6
53
29
184
91
81
105
94
218
154
82
137
220
97
82
85
54
72
221
100
65
2
49
224
233
24
188
184
173
117
27
220
142
3
167
151
252
112
185
158
101
197
6
27
15
91
149
225
74
186
220
157
158
11
107
223
208
1
203
45
214
69
125
184
208
16
228
250
122
191
65
168
19
59
230
78
215
153
179
31
230
246