97
180
127
123
206
64
128
87
63
95
209
26
207
175
37
153
167
209
231
218
131
197
250
68
42
159
22
189
41
28
38
18
140
116
115
217
158
107
197
37
218
125
151
3
72
47
228
10
47
55
30
32
194
85
226
215
84
151
248
46
221
4
95
201
14
50
125
247
225
183
148
75
239
32
39
171
31
242
101
203
187
35
30
9
14
216
6
101
45
132
90
252
238
121
236
57
105
16
123
145
229
253
130
185
128
119
239
218
137
243
143
132
186
80
53
30
210
155
195
210
8
4
37
159
255
112
58
204
204
219
141
111
110
57
93
163
58
112
27
84
184
157
100
7
205
71
205
146
110
24
168
172
40
25
22
120
193
42
204
194
255
168
151
120
69
227
253
96
43
170
232
23
246
178
198
138
163
96
146
113
222
217
157
76
239
178
75
62
153
123
194
106
204
29
196
190
79
116
33
121
180
65
229
112
55
155
225
137
157
199
50
179
122
56
72
147
157
215
29
142
125
215
6
138
73
10
113
27
69
210
31
135
190
188
167
157
129
224
141
96
20
68
55
166
9
223
148
97
152
229
12
201
69
221
201
112
38
225
171
184
183
168
61
165
170
178
246
209
42
49
151
238
19
8
10
213
7
177
146
34
70
72
151
60
227
132
216
119
243
197
177
103
89
12
188
95
130
7
227
83
119
229
171
8
114
73
226
135
134
231
252
116
54
76
219
20
49
162
223
184
10
51
185
246
57
110
182
43
181
211
173
212
99
219
9
209
234
165
238
131
78
183
226
172
237
73
211
50
128
234
172
26
26
153
18
132
193
125
194
123
163
64
113
59
13
184
140
173
57
14
160
122
151
203
18
30
34
144
45
169
214
196
123
157
231
92
223
119
28
100
79
145
172
162
68
24
199
4
102
120
166
201
10
51
242
241
174
18
96
150
67
116
45
247
212
8
129
149
58
253
37
108
255
118
188
228
215
213
23
166
5
32
188
153
66
4
142
150
55
207
193
198
73
201
16
224
201
244
33
252
190
238
67
225
138
105
71
167
77
44
142
0
101
174
15
114
246
79
103
131
98
246
138
59
53
26
53
76
15
222
176
237
143
128
56
2
186
213
178
25
250
159
107
50
102
101
4
68
55
246
88
210
162
208
96
200
35
54
124
15
74
244